95
400 793131 4
1000000000 1000000000000000000 1
938 717057 3
2433 588437 7
9412 458712 2
121 131 1
6673 645665 9
1396 974496 5
7243 39232 6
6760 325542 7
7668 468727 8
9628 221919 9
5630 555906 6
2519 171840 3
2965 769993 4
2228 961000 6
121 121 11
9151 163110 6
1516 476245 5
10 22322 2
490 499674 1
646 753992 3
4401 792858 5
2684 313879 3
3286 977701 4
7597 115191 5
8984 321196 7
6153 882984 8
3901 458931 4
6366 921028 2
999 99999 78788
7800 282033 2
4827 379304 8
6311 744038 5
3376 156586 6
4945 279540 7
1209 371972 7
2499 989424 7
22322 22322 1
3263 62970 1
100000 1000000000000000000 3
9325 343906 8
34432 9999920 222
3725 832955 1
2871 611476 1
3976 759716 7
0 132 1
9046 160519 7
3491 376189 1
7977 626769 9
5759 165757 6
1813 539974 3
9324 755359 1
5579 763362 2
1108 708286 6
9974 603759 9
886 56750 8
2590 45700 5
1033 109791 2
1616 875376 6
6574 530230 2
0 100 2
8135 346033 4
1925 194236 4
0 1000000000000000000 1
258 978067 6
9385 146808 1
9705 834597 8
3748 207521 4
8892 186601 5
21345 4441283 13
9352 507517 9
9481 668314 4
8621 305784 1
39 1000000 3
121 132 1
8439 865622 9
1363 123520 8
4131 988357 1
5230 55195 9
8764 690922 4
2035 587687 6
0 1000000000000000000 1000000000
1002 914907 8
5272 393026 2
2789 205886 5
8989 909410 5
701 837097 8
4766 385349 3
9929 160753 4
3568 887100 8
9523 81976 5
6916 519450 6
4153 196591 1
8483 164651 3
