100 100
2 2 1 2 2 1 1 1 1 1 1 1 1 2 2 1 2 2 1 2 1 1 2 2 1 2 2 2 1 2 2 2 1 1 2 2 1 2 1 1 2 2 2 2 1 1 2 2 2 1 1 1 2 1 2 1 1 2 1 1 2 2 2 1 2 1 1 1 2 1 2 1 1 2 1 1 2 2 1 2 1 2 2 1 2 1 2 2 1 1 2 1 1 2 2 1 2 2 2 2
26 84
25 62
2 56
37 42
16 84
7 83
39 97
51 79
27 53
23 57
1 4
16 57
29 59
28 84
58 69
10 35
16 40
20 27
9 99
12 86
58 89
22 54
8 21
16 98
14 56
41 85
36 73
66 84
47 64
1 41
47 77
15 19
31 64
46 48
45 70
20 33
3 45
3 24
5 15
12 34
13 18
17 22
48 99
54 63
55 75
26 90
89 98
17 63
27 100
10 21
17 92
13 41
20 22
14 66
30 50
2 88
73 84
21 77
25 53
42 50
28 82
89 93
22 77
99 99
18 66
42 90
26 61
22 100
12 84
2 28
49 82
57 86
40 41
19 51
64 88
53 85
42 48
46 99
29 85
19 35
69 80
10 53
13 17
7 71
8 67
74 90
19 53
17 31
44 44
23 46
42 99
37 85
4 11
53 90
17 63
52 57
56 100
16 32
77 97
35 49
