100
615403
86293
3410821
2896297
3
3949061
1862603
5462959
9999996
559513
8460583
1144
9010879
4
4461641
9999929
4751053
5388168
8763892
8184167
9999991
1403870
6
10000000
5001361
5331653
8873129
7
9999995
3910981
9999973
9987391
9516811
7551991
2610613
8237213
9999998
9999972
7742461
9325574
6537523
7783893
2044523
9999997
9999971
8
1507483
6987083
983469
7203246
9999162
4170220
6865010
4461642
9309119
1264969
3877633
9999930
2872729
390548
3191803
4461643
1481717
9999161
2
3132736
9999931
4572049
3929879
6735763
12
4046177
8248729
3702389
7762723
5094841
6697461
11
1281246
140839
2360890
6463741
3023326
928009
5
13
1
3323191
9
6716541
9999163
10
6704676
2196613
5103067
2295773
8291470
9971849
3855409
9999999
