100
9151 163110 6
7800 282033 2
4131 988357 1
2590 45700 5
8439 865622 9
2519 171840 3
3263 62970 1
2684 313879 3
9325 343906 8
886 56750 8
2499 989424 7
1516 476245 5
5579 763362 2
22322 22322 1
2228 961000 6
3568 887100 8
1396 974496 5
3286 977701 4
121 131 1
3725 832955 1
6574 530230 2
121 121 11
701 837097 8
34432 9999920 222
1002 914907 8
9705 834597 8
4766 385349 3
4401 792858 5
7597 115191 5
1000000000 1000000000000000000 1
1925 194236 4
0 100 2
9974 603759 9
8984 321196 7
2871 611476 1
21345 4441283 13
9390 517315 4
6673 645665 9
3825 934105 6
9046 160519 7
2433 588437 7
2789 205886 5
100000 1000000000000000000 3
10 22322 2
0 1000000000000000000 1000000000
400 793131 4
1616 875376 6
1033 109791 2
1108 708286 6
2035 587687 6
5759 165757 6
9412 458712 2
7977 626769 9
1363 123520 8
9481 668314 4
646 753992 3
6153 882984 8
490 499674 1
8892 186601 5
6760 325542 7
8483 164651 3
258 978067 6
3491 376189 1
9929 160753 4
8621 305784 1
1405 52064 3
0 132 1
9523 81976 5
4153 196591 1
3901 458931 4
378 659223 5
9628 221919 9
39 1000000 3
9286 976503 2
9385 146808 1
0 1000000000000000000 1
5630 555906 6
5272 393026 2
5230 55195 9
999 99999 78788
121 132 1
6311 744038 5
3376 156586 6
3748 207521 4
9324 755359 1
1813 539974 3
1209 371972 7
9352 507517 9
6916 519450 6
8764 690922 4
8135 346033 4
3976 759716 7
938 717057 3
7243 39232 6
8989 909410 5
6366 921028 2
4945 279540 7
2965 769993 4
4827 379304 8
7668 468727 8
